-5.20915 -3.17564
-5.1686 -1.19749
-5.21836 0.770574
-5.16745 2.80559
-3.18731 -5.19187
-3.229 -3.29387
-3.20889 -1.16216
-3.21535 0.825315
-3.25974 2.81234
-3.2028 4.79356
-1.19885 -5.16504
-1.17466 -3.22894
-1.18724 -1.14282
-1.15167 0.804667
-1.17286 2.74069
-1.1931 4.82399
0.798512 -5.16285
0.751736 -3.27573
0.79841 -1.14993
0.783631 0.792352
0.786241 2.75485
0.810795 4.81202
2.78973 -5.17788
2.8605 -3.29099
2.78943 -1.15402
2.77721 0.826088
2.82144 2.80827
2.77956 4.80079
4.78066 -3.18889
4.82958 -1.18763
4.76479 0.775373
4.82279 2.79927
